"","Pos","No","Driver","Nat","Team","Laps","Time","Gap","Interval","Kph","Best","Lap","gp_name","year"
"1","1","4","Stirling Moss","Great Britain","Officine Alfieri Maserati","","1:42.600","","","","","","argentine-grand-prix",1957
"2","2","2","Juan Manuel Fangio","Argentina","Officine Alfieri Maserati","","1:43.700","+ 1.100","+ 1.100","","","","argentine-grand-prix",1957
"3","3","6","Jean Behra","France","Officine Alfieri Maserati","","1:44.000","+ 1.400","+ 0.300","","","","argentine-grand-prix",1957
"4","4","14","Eugenio Castellotti","Italy","Scuderia Ferrari","","1:44.200","+ 1.600","+ 0.200","","","","argentine-grand-prix",1957
"5","5","10","Peter Collins","Great Britain","Scuderia Ferrari","","1:44.600","+ 2.000","+ 0.400","","","","argentine-grand-prix",1957
"6","6","12","Luigi Musso","Italy","Scuderia Ferrari","","1:44.800","+ 2.200","+ 0.200","","","","argentine-grand-prix",1957
"7","7","16","Mike Hawthorn","Great Britain","Scuderia Ferrari","","1:44.800","+ 2.200","+ 0.200","","","","argentine-grand-prix",1957
"8","8","8","Carlos Menditeguy","Argentina","Officine Alfieri Maserati","","1:45.100","+ 2.500","+ 0.300","","","","argentine-grand-prix",1957
"9","9","22","Harry Schell","USA","Scuderia Centro Sud","","1:46.400","+ 3.800","+ 1.300","","","","argentine-grand-prix",1957
"10","10","20","Jose Froilan Gonzalez","Argentina","Scuderia Ferrari","","1:46.800","+ 4.200","+ 0.400","","","","argentine-grand-prix",1957
"11","11","18","Cesare Perdisa","Italy","Scuderia Ferrari","","1:48.600","+ 6.000","+ 1.800","","","","argentine-grand-prix",1957
"12","12","26","Alessandro de Tomaso","Argentina","Scuderia Centro Sud","","1:56.100","+ 13.500","+ 7.500","","","","argentine-grand-prix",1957
"13","13","24","Jo Bonnier","Sweden","Scuderia Centro Sud","","1:58.200","+ 15.600","+ 2.100","","","","argentine-grand-prix",1957
"14","14","28","Luigi Piotti","Italy","L Piotti","","1:58.200","+ 15.600","+ 2.100","","","","argentine-grand-prix",1957
"15","1","12","Pat O'Connor","USA","Chapman S Root","","4:10.090","+ 1.500","+ 1.500","","","","indianapolis-500",1957
"16","2","88","Eddie Sachs","USA","Peter Schmidt","","4:10.310","+ 0.220","+ 0.220","","","","indianapolis-500",1957
"17","3","52","Troy Ruttman","USA","John Zink","","4:12.150","+ 2.060","+ 1.840","","","","indianapolis-500",1957
"18","4","14","Fred Agabashian","USA","George Bignotti","","4:12.530","+ 2.440","+ 0.380","","","","indianapolis-500",1957
"19","5","6","Johnny Boyd","USA","George Bignotti","","4:13.340","+ 3.250","+ 0.810","","","","indianapolis-500",1957
"20","6","5","Jimmy Reece","USA","Fred & Richard Sommer","","4:13.510","+ 3.420","+ 0.170","","","","indianapolis-500",1957
"21","7","83","Ed Elisian","USA","Kalamazoo Sports Inc","","4:13.920","+ 3.830","+ 0.410","","","","indianapolis-500",1957
"22","8","16","Al Keller","USA","Pat Clancy","","4:14.600","+ 4.510","+ 0.680","","","","indianapolis-500",1957
"23","9","23","Elmer George","USA","Ernest L Ruiz","","4:15.810","+ 5.720","+ 1.210","","","","indianapolis-500",1957
"24","10","54","Paul Russo","USA","Novi Racing Corp","","4:08.590","","","","","","indianapolis-500",1957
"25","11","10","Johnny Thomson","USA","Racing Associates","","4:10.820","+ 0.730","+ 2.230","","","","indianapolis-500",1957
"26","12","73","Andy Linden","USA","Kalamazoo Sports Inc","","4:11.320","+ 1.230","+ 0.500","","","","indianapolis-500",1957
"27","13","9","Sam Hanks","USA","George Salih","","4:12.080","+ 1.990","+ 0.760","","","","indianapolis-500",1957
"28","14","22","Gene Hartley","USA","Joseph Massaglia Jr","","4:14.830","+ 4.740","+ 2.750","","","","indianapolis-500",1957
"29","15","1","Jimmy Bryan","USA","A E Dean","","4:14.980","+ 4.890","+ 0.150","","","","indianapolis-500",1957
"30","16","7","Bob Veith","USA","Bob Estes","","4:15.290","+ 5.200","+ 0.310","","","","indianapolis-500",1957
"31","17","18","Johnnie Parsons","USA","Chapman S Root","","4:15.710","+ 5.620","+ 0.420","","","","indianapolis-500",1957
"32","18","77","Mike Magill","USA","George Walther Jr","","4:16.390","+ 6.300","+ 0.680","","","","indianapolis-500",1957
"33","19","19","Jack Turner","USA","Pat Clancy","","4:16.470","+ 6.380","+ 0.080","","","","indianapolis-500",1957
"34","20","43","Eddie Johnson","USA","H A Chapman","","4:16.830","+ 6.740","+ 0.360","","","","indianapolis-500",1957
"35","21","3","Don Freeland","USA","Ansted Rotary Corp","","4:17.790","+ 7.700","+ 0.960","","","","indianapolis-500",1957
"36","22","27","Tony Bettenhausen","USA","Novi Racing Corp","","4:12.740","+ 2.650","+ 0.210","","","","indianapolis-500",1957
"37","23","31","Bill Cheesbourg","USA","J S Donaldson","","4:14.300","+ 4.210","+ 1.560","","","","indianapolis-500",1957
"38","24","8","Rodger Ward","USA","Roger Wolcott","","4:14.740","+ 4.650","+ 0.440","","","","indianapolis-500",1957
"39","25","82","Chuck Weyant","USA","Pete Salemi","","4:15.130","+ 5.040","+ 0.390","","","","indianapolis-500",1957
"40","26","55","Eddie Russo","USA","Fred Sclavi","","4:15.570","+ 5.480","+ 0.440","","","","indianapolis-500",1957
"41","27","92","Don Edmunds","USA","Roy McKay","","4:16.320","+ 6.230","+ 0.750","","","","indianapolis-500",1957
"42","28","48","Marshall Teague","USA","Chapman S Root","","4:16.540","+ 6.450","+ 0.220","","","","indianapolis-500",1957
"43","29","57","Jimmy Daywalt","USA","H H Johnson","","4:16.770","+ 6.680","+ 0.230","","","","indianapolis-500",1957
"44","30","89","Al Herman","USA","Harry Dunn","","4:17.130","+ 7.040","+ 0.360","","","","indianapolis-500",1957
"45","31","28","Johnnie Tolan","USA","Lysle Greenman","","4:17.430","+ 7.340","+ 0.300","","","","indianapolis-500",1957
"46","32","26","Jim Rathmann","USA","Lindsey Hopkins","","4:17.500","+ 7.410","+ 0.070","","","","indianapolis-500",1957
"47","33","95","Bob Christie","USA","Cars Inc","","4:17.550","+ 7.460","+ 0.050","","","","indianapolis-500",1957
"48","1","2","Juan Manuel Fangio","Argentina","Officine Alfieri Maserati","","2:21.500","","","","","","french-grand-prix",1957
"49","2","4","Jean Behra","France","Officine Alfieri Maserati","","2:22.600","+ 1.100","+ 1.100","","","","french-grand-prix",1957
"50","3","10","Luigi Musso","Italy","Scuderia Ferrari","","2:22.700","+ 1.200","+ 0.100","","","","french-grand-prix",1957
"51","4","6","Harry Schell","USA","Officine Alfieri Maserati","","2:23.200","+ 1.700","+ 0.500","","","","french-grand-prix",1957
"52","5","12","Peter Collins","Great Britain","Scuderia Ferrari","","2:23.300","+ 1.800","+ 0.100","","","","french-grand-prix",1957
"53","6","20","Roy Salvadori","Great Britain","Vandervell Products Ltd","","2:25.100","+ 3.600","+ 1.800","","","","french-grand-prix",1957
"54","7","14","Mike Hawthorn","Great Britain","Scuderia Ferrari","","2:25.600","+ 4.100","+ 0.500","","","","french-grand-prix",1957
"55","8","16","Maurice Trintignant","France","Scuderia Ferrari","","2:25.900","+ 4.400","+ 0.300","","","","french-grand-prix",1957
"56","9","8","Carlos Menditeguy","Argentina","Officine Alfieri Maserati","","2:26.100","+ 4.600","+ 0.200","","","","french-grand-prix",1957
"57","10","18","Stuart Lewis-Evans","Great Britain","Vandervell Products Ltd","","2:27.600","+ 6.100","+ 1.500","","","","french-grand-prix",1957
"58","11","26","Ron Flockhart","Great Britain","Owen Racing Organisation","","2:27.800","+ 6.300","+ 0.200","","","","french-grand-prix",1957
"59","12","28","Herbert MacKay-Fraser","USA","Owen Racing Organisation","","2:29.900","+ 8.400","+ 2.100","","","","french-grand-prix",1957
"60","13","22","Jack Brabham","Australia","Cooper Car Co","","2:30.900","+ 9.400","+ 1.000","","","","french-grand-prix",1957
"61","14","30","Horace Gould","Great Britain","H H Gould","","2:35.000","+ 13.500","+ 4.100","","","","french-grand-prix",1957
"62","15","24","Mike MacDowel","Great Britain","Cooper Car Co","","2:38.600","+ 17.100","+ 3.600","","","","french-grand-prix",1957
"63","1","32","Juan Manuel Fangio","Argentina","Officine Alfieri Maserati","","1:42.700","","","110.243","","","monaco-grand-prix",1957
"64","2","26","Peter Collins","Great Britain","Scuderia Ferrari","","1:43.300","+ 0.600","+ 0.600","109.603","","","monaco-grand-prix",1957
"65","3","18","Stirling Moss","Great Britain","Vandervell Products Ltd","","1:43.600","+ 0.900","+ 0.300","109.285","","","monaco-grand-prix",1957
"66","4","20","Tony Brooks","Great Britain","Vandervell Products Ltd","","1:44.400","+ 1.700","+ 0.800","108.448","","","monaco-grand-prix",1957
"67","5","28","Mike Hawthorn","Great Britain","Scuderia Ferrari","","1:44.600","+ 1.900","+ 0.200","108.240","","","monaco-grand-prix",1957
"68","6","30","Maurice Trintignant","France","Scuderia Ferrari","","1:46.700","+ 4.000","+ 2.100","106.110","","","monaco-grand-prix",1957
"69","7","36","Carlos Menditeguy","Argentina","Officine Alfieri Maserati","","1:46.700","+ 4.000","","106.110","","","monaco-grand-prix",1957
"70","8","38","Harry Schell","USA","Officine Alfieri Maserati","","1:47.300","+ 4.600","+ 0.600","105.517","","","monaco-grand-prix",1957
"71","9","24","Wolfgang von Trips","Germany","Scuderia Ferrari","","1:47.900","+ 5.200","+ 0.600","104.930","","","monaco-grand-prix",1957
"72","10","2","Masten Gregory","USA","Scuderia Centro Sud","","1:48.400","+ 5.700","+ 0.500","104.446","","","monaco-grand-prix",1957
"73","11","6","Ron Flockhart","Great Britain","Owen Racing Organisation","","1:48.600","+ 5.900","+ 0.200","104.254","","","monaco-grand-prix",1957
"74","12","22","Horace Gould","Great Britain","H H Gould","","1:48.700","+ 6.000","+ 0.100","104.158","","","monaco-grand-prix",1957
"75","13","10","Stuart Lewis-Evans","Great Britain","Connaught Engineering","","1:49.100","+ 6.400","+ 0.400","103.776","","","monaco-grand-prix",1957
"76","14","34","Giorgio Scarlatti","Italy","Officine Alfieri Maserati","","1:49.200","+ 6.500","+ 0.100","103.681","","","monaco-grand-prix",1957
"77","15","14","Jack Brabham","Australia","Cooper Car Co","","1:49.300","+ 6.600","+ 0.100","103.586","","","monaco-grand-prix",1957
"78","16","12","Ivor Bueb","Great Britain","Connaught Engineering","","1:49.400","+ 6.700","+ 0.100","103.491","","","monaco-grand-prix",1957
"79","17","8","Roy Salvadori","Great Britain","Owen Racing Organisation","","1:49.600","+ 6.900","+ 0.200","103.302","","","monaco-grand-prix",1957
"80","18","40","Hans Herrmann","Germany","Officine Alfieri Maserati","","1:49.900","+ 7.200","+ 0.300","103.020","","","monaco-grand-prix",1957
"81","19","4","Andre Simon","France","Scuderia Centro Sud","","1:51.700","+ 9.000","+ 1.800","101.360","","","monaco-grand-prix",1957
"82","20","42","Luigi Piotti","Italy","L Piotti","","1:54.300","+ 11.600","+ 2.600","99.055","","","monaco-grand-prix",1957
"83","21","16","Les Leston","Great Britain","Cooper Car Co","","1:58.900","+ 16.200","+ 4.600","95.222","","","monaco-grand-prix",1957
"84","1","18","Stirling Moss","Great Britain","Vandervell Products Ltd","","2:00.200","","","","","","british-grand-prix",1957
"85","2","4","Jean Behra","France","Officine Alfieri Maserati","","2:00.400","+ 0.200","+ 0.200","","","","british-grand-prix",1957
"86","3","20","Tony Brooks","Great Britain","Vandervell Products Ltd","","2:00.400","+ 0.200","","","","","british-grand-prix",1957
"87","4","2","Juan Manuel Fangio","Argentina","Officine Alfieri Maserati","","2:00.600","+ 0.400","+ 0.200","","","","british-grand-prix",1957
"88","5","10","Mike Hawthorn","Great Britain","Scuderia Ferrari","","2:01.200","+ 1.000","+ 0.600","","","","british-grand-prix",1957
"89","6","22","Stuart Lewis-Evans","Great Britain","Vandervell Products Ltd","","2:01.200","+ 1.000","","","","","british-grand-prix",1957
"90","7","6","Harry Schell","USA","Officine Alfieri Maserati","","2:01.400","+ 1.200","+ 0.200","","","","british-grand-prix",1957
"91","8","12","Peter Collins","Great Britain","Scuderia Ferrari","","2:01.800","+ 1.600","+ 0.400","","","","british-grand-prix",1957
"92","9","16","Maurice Trintignant","France","Scuderia Ferrari","","2:03.200","+ 3.000","+ 1.400","","","","british-grand-prix",1957
"93","10","14","Luigi Musso","Italy","Scuderia Ferrari","","2:03.400","+ 3.200","+ 0.200","","","","british-grand-prix",1957
"94","11","8","Carlos Menditeguy","Argentina","Officine Alfieri Maserati","","2:05.400","+ 5.200","+ 2.000","","","","british-grand-prix",1957
"95","12","26","Les Leston","Great Britain","Owen Racing Organisation","","2:05.600","+ 5.400","+ 0.200","","","","british-grand-prix",1957
"96","13","34","Jack Brabham","Australia","R R C Walker Racing Team","","2:07.000","+ 6.800","+ 1.400","","","","british-grand-prix",1957
"97","14","30","Horace Gould","Great Britain","H H Gould","","2:07.000","+ 6.800","+ 1.400","","","","british-grand-prix",1957
"98","15","36","Roy Salvadori","Great Britain","Cooper Car Co","","2:07.400","+ 7.200","+ 0.400","","","","british-grand-prix",1957
"99","16","24","Jack Fairman","Great Britain","Owen Racing Organisation","","2:08.600","+ 8.400","+ 1.200","","","","british-grand-prix",1957
"100","17","28","Jo Bonnier","Sweden","Ecurie Bonnier","","2:12.600","+ 12.400","+ 4.000","","","","british-grand-prix",1957
"101","18","38","Bob Gerard","Great Britain","Bob Gerard","","2:12.600","+ 12.400","","","","","british-grand-prix",1957
"102","19","32","Ivor Bueb","Great Britain","Gilby Engineering","","2:15.400","+ 15.200","+ 2.800","","","","british-grand-prix",1957
"103","1","1","Juan Manuel Fangio","Argentina","Officine Alfieri Maserati","","9:25.600","","","","","","german-grand-prix",1957
"104","2","8","Mike Hawthorn","Great Britain","Scuderia Ferrari","","9:28.400","+ 2.800","+ 2.800","","","","german-grand-prix",1957
"105","3","2","Jean Behra","France","Officine Alfieri Maserati","","9:30.500","+ 4.900","+ 2.100","","","","german-grand-prix",1957
"106","4","7","Peter Collins","Great Britain","Scuderia Ferrari","","9:34.700","+ 9.100","+ 4.200","","","","german-grand-prix",1957
"107","5","11","Tony Brooks","Great Britain","Vandervell Products Ltd","","9:36.100","+ 10.500","+ 1.400","","","","german-grand-prix",1957
"108","6","3","Harry Schell","USA","Officine Alfieri Maserati","","9:39.200","+ 13.600","+ 3.100","","","","german-grand-prix",1957
"109","7","10","Stirling Moss","Great Britain","Vandervell Products Ltd","","9:41.200","+ 15.600","+ 2.000","","","","german-grand-prix",1957
"110","8","6","Luigi Musso","Italy","Scuderia Ferrari","","9:43.100","+ 17.500","+ 1.900","","","","german-grand-prix",1957
"111","9","12","Stuart Lewis-Evans","Great Britain","Vandervell Products Ltd","","9:45.000","+ 19.400","+ 1.900","","","","german-grand-prix",1957
"112","10","16","Masten Gregory","USA","Scuderia Centro Sud","","9:51.500","+ 25.900","+ 6.500","","","","german-grand-prix",1957
"113","11","17","Hans Herrmann","Germany","Scuderia Centro Sud","","10:00.000","+ 34.400","+ 8.500","","","","german-grand-prix",1957
"114","12","21","Edgar Barth","Germany","Dr Ing F Porsche KG","","10:02.200","+ 36.600","+ 2.200","","","","german-grand-prix",1957
"115","13","4","Giorgio Scarlatti","Italy","Officine Alfieri Maserati","","10:04.900","+ 39.300","+ 2.700","","","","german-grand-prix",1957
"116","14","23","Roy Salvadori","Great Britain","Cooper Car Co","","10:06.000","+ 40.400","+ 1.100","","","","german-grand-prix",1957
"117","15","20","Umberto Maglioli","Italy","Dr Ing F Porsche KG","","10:08.900","+ 43.300","+ 2.900","","","","german-grand-prix",1957
"118","16","15","Bruce Halford","Great Britain","B Halford","","10:14.500","+ 48.900","+ 5.600","","","","german-grand-prix",1957
"119","17","28","Brian Naylor","Great Britain","J B Naylor","","10:15.000","+ 49.400","+ 0.500","","","","german-grand-prix",1957
"120","18","24","Jack Brabham","Australia","R R C Walker Racing Team","","10:18.800","+ 53.200","+ 3.800","","","","german-grand-prix",1957
"121","19","19","Horace Gould","Great Britain","H H Gould","","10:20.800","+ 55.200","+ 2.000","","","","german-grand-prix",1957
"122","20","27","Carel Godin de Beaufort","Netherlands","Ecurie Maarsbergen","","10:25.900","+ 1:00.300","+ 5.100","","","","german-grand-prix",1957
"123","21","18","Paco Godia","Spain","Francisco Godia Sales","","10:32.300","+ 1:06.700","+ 6.400","","","","german-grand-prix",1957
"124","22","25","Tony Marsh","Great Britain","Ridgeway Management","","10:48.200","+ 1:22.600","+ 15.900","","","","german-grand-prix",1957
"125","23","26","Paul England","Australia","Ridgeway Management","","11:08.400","+ 1:42.800","+ 20.200","","","","german-grand-prix",1957
"126","24","29","Dick Gibson","Great Britain","Equipe Prideaux/Dick Gibson","","11:46.400","+ 2:20.800","+ 38.000","","","","german-grand-prix",1957
"127","1","2","Juan Manuel Fangio","Argentina","Officine Alfieri Maserati","","9:44.600","","","","","","pescara-grand-prix",1957
"128","2","26","Stirling Moss","Great Britain","Vandervell Products Ltd","","9:54.700","+ 10.100","+ 10.100","","","","pescara-grand-prix",1957
"129","3","34","Luigi Musso","Italy","Scuderia Ferrari","","10:00.000","+ 15.400","+ 5.300","","","","pescara-grand-prix",1957
"130","4","4","Jean Behra","France","Officine Alfieri Maserati","","10:03.100","+ 18.500","+ 3.100","","","","pescara-grand-prix",1957
"131","5","6","Harry Schell","USA","Officine Alfieri Maserati","","10:04.600","+ 20.000","+ 1.500","","","","pescara-grand-prix",1957
"132","6","28","Tony Brooks","Great Britain","Vandervell Products Ltd","","10:08.800","+ 24.200","+ 4.200","","","","pescara-grand-prix",1957
"133","7","14","Masten Gregory","USA","Scuderia Centro Sud","","10:26.100","+ 41.500","+ 17.300","","","","pescara-grand-prix",1957
"134","8","30","Stuart Lewis-Evans","Great Britain","Vandervell Products Ltd","","10:29.600","+ 45.000","+ 3.500","","","","pescara-grand-prix",1957
"135","9","16","Jo Bonnier","Sweden","Scuderia Centro Sud","","10:36.200","+ 51.600","+ 6.600","","","","pescara-grand-prix",1957
"136","10","8","Giorgio Scarlatti","Italy","Officine Alfieri Maserati","","10:36.600","+ 52.000","+ 0.400","","","","pescara-grand-prix",1957
"137","11","18","Horace Gould","Great Britain","H H Gould","","10:49.600","+ 1:05.000","+ 13.000","","","","pescara-grand-prix",1957
"138","12","10","Paco Godia","Spain","Francisco Godia Sales","","11:09.800","+ 1:25.200","+ 20.200","","","","pescara-grand-prix",1957
"139","13","12","Luigi Piotti","Italy","L Piotti","","11:10.600","+ 1:26.000","+ 0.800","","","","pescara-grand-prix",1957
"140","14","20","Bruce Halford","Great Britain","B Halford","","11:16.300","+ 1:31.700","+ 5.700","","","","pescara-grand-prix",1957
"141","15","22","Roy Salvadori","Great Britain","Cooper Car Co","","11:24.200","+ 1:39.600","+ 7.900","","","","pescara-grand-prix",1957
"142","16","24","Jack Brabham","Australia","Cooper Car Co","","11:35.200","+ 1:50.600","+ 11.000","","","","pescara-grand-prix",1957
"143","1","20","Stuart Lewis-Evans","Great Britain","Vandervell Products Ltd","","1:42.400","","","","","","italian-grand-prix",1957
"144","2","18","Stirling Moss","Great Britain","Vandervell Products Ltd","","1:42.700","+ 0.300","+ 0.300","","","","italian-grand-prix",1957
"145","3","22","Tony Brooks","Great Britain","Vandervell Products Ltd","","1:42.900","+ 0.500","+ 0.200","","","","italian-grand-prix",1957
"146","4","2","Juan Manuel Fangio","Argentina","Officine Alfieri Maserati","","1:43.100","+ 0.700","+ 0.200","","","","italian-grand-prix",1957
"147","5","6","Jean Behra","France","Officine Alfieri Maserati","","1:43.900","+ 1.500","+ 0.800","","","","italian-grand-prix",1957
"148","6","4","Harry Schell","USA","Officine Alfieri Maserati","","1:45.100","+ 2.700","+ 1.200","","","","italian-grand-prix",1957
"149","7","30","Peter Collins","Great Britain","Scuderia Ferrari","","1:45.300","+ 2.900","+ 0.200","","","","italian-grand-prix",1957
"150","8","36","Wolfgang von Trips","Germany","Scuderia Ferrari","","1:45.500","+ 3.100","+ 0.200","","","","italian-grand-prix",1957
"151","9","32","Luigi Musso","Italy","Scuderia Ferrari","","1:45.700","+ 3.300","+ 0.200","","","","italian-grand-prix",1957
"152","10","34","Mike Hawthorn","Great Britain","Scuderia Ferrari","","1:46.100","+ 3.700","+ 0.400","","","","italian-grand-prix",1957
"153","11","26","Masten Gregory","USA","Scuderia Centro Sud","","1:48.900","+ 6.500","+ 2.800","","","","italian-grand-prix",1957
"154","12","8","Giorgio Scarlatti","Italy","Officine Alfieri Maserati","","1:49.200","+ 6.800","+ 0.300","","","","italian-grand-prix",1957
"155","13","24","Jo Bonnier","Sweden","Scuderia Centro Sud","","1:49.700","+ 7.300","+ 0.500","","","","italian-grand-prix",1957
"156","14","16","Bruce Halford","Great Britain","B Halford","","1:51.600","+ 9.200","+ 1.900","","","","italian-grand-prix",1957
"157","15","10","Paco Godia","Spain","Francisco Godia Sales","","1:52.200","+ 9.800","+ 0.600","","","","italian-grand-prix",1957
"158","16","28","Andre Simon","France","Ottorino Volonterio","","1:52.800","+ 10.400","+ 0.600","","","","italian-grand-prix",1957
"159","17","12","Luigi Piotti","Italy","L Piotti","","1:52.900","+ 10.500","+ 0.100","","","","italian-grand-prix",1957
"160","18","14","Horace Gould","Great Britain","H H Gould","","1:53.700","+ 11.300","+ 0.800","","","","italian-grand-prix",1957
